5 0.051007800000000006
10 0.12303420000000001
15 0.21579120000000002
20 0.19323099999999999
25 0.3749754
30 0.4925646
35 0.5798593999999999
40 0.8510564
45 1.0485832
50 1.4765772
55 1.4178979999999999
60 1.7272100000000001
65 0.7247779999999999
70 1.6346437999999999
75 1.6722000000000001
80 1.758594
85 1.626016
90 2.666966
95 2.50925
100 3.00265
105 3.6441559999999997
110 3.663008
115 5.824012
120 5.344098000000001
125 5.917866000000001
130 3.901254
135 3.181456
140 4.2546479999999995
145 5.839926
150 8.190873999999999
155 4.337174
160 4.707524
165 6.947290000000001
170 5.603792
175 7.63023
180 15.237891999999999
185 12.167190000000002
190 7.035634
195 7.241464000000001
200 8.955606
205 6.910784
210 9.841628
215 8.397041999999999
220 21.112206
225 11.744382
230 28.948528
235 15.500760000000003
240 26.058076
245 24.17816
250 19.583108
255 27.582079999999998
260 17.92254
265 14.972974000000002
270 15.796092000000002
275 10.861312
280 13.892608000000001
285 10.674434
290 15.079759999999998
295 21.0484
300 24.928919999999998
305 22.43992
310 20.86292
315 47.06148
320 12.932816000000003
325 27.587539999999997
330 18.610580000000002
335 31.94022
340 18.83154
345 25.918539999999997
350 27.391399999999997
355 22.541339999999998
360 40.02778000000001
365 27.691499999999998
370 30.168079999999996
375 26.083439999999996
380 38.49428
385 36.762159999999994
390 34.617599999999996
395 33.56774
400 38.39816
405 51.46346
410 41.81438000000001
415 46.31762
420 29.43962
425 27.97638
430 35.86492
435 31.399340000000002
440 51.06934
445 53.72269999999999
450 57.1032
455 42.8955
460 46.22394
465 42.52136
470 40.357240000000004
475 70.17326
480 41.1146
485 31.025620000000004
490 60.20118
495 51.10044
510 70.15277333333333
520 50.791213333333324
530 66.30949333333334
540 72.66433333333333
550 62.77279333333333
560 57.19627333333334
570 82.77518666666667
580 70.91962
590 67.83923333333333
600 71.23307333333334
610 76.55320666666668
620 83.06796000000001
630 76.78161999999999
640 71.86322666666665
650 78.20365333333332
660 111.90426000000001
670 71.78809333333334
680 99.05093333333335
690 127.15512666666669
700 120.25596
710 107.02606666666667
720 93.56124
730 105.17130000000003
740 81.05366000000001
750 135.29270000000002
760 105.67185333333333
770 118.42426000000002
780 154.94129333333333
790 104.91020666666668
800 110.00351333333333
810 156.65434000000002
820 131.36722
830 153.8523933333333
840 121.44518666666666
850 109.55702666666666
860 130.06269333333333
870 184.31423333333336
880 149.79121333333333
890 180.86310666666668
900 157.83378000000002
910 145.78372666666667
920 193.99719999999996
930 173.75533333333334
940 165.93006666666665
950 145.76033333333334
960 156.16763333333333
970 156.23138
980 174.49479999999997
990 154.59442666666664
