0 6 16.7611
0 18 30.3484
0 19 12.1443
0 20 40.2088
0 21 20.0472
0 22 5.44044
0 43 47.4664
0 45 9.61069
0 49 1.00115
0 51 11.914
0 62 21.8819
0 71 22.0052
0 93 44.0531
1 3 13.8117
1 6 45.3402
1 7 6.30377
1 20 36.6074
1 21 39.6735
1 22 37.2536
1 23 47.5052
1 24 26.0782
1 25 12.0031
1 32 6.74512
1 34 3.49532
1 40 7.89036
1 44 49.8899
1 45 43.527
1 46 0.20808
1 49 8.15658
1 58 26.5404
1 66 37.3901
1 77 41.5006
1 79 32.4853
1 87 31.6536
1 95 23.5742
2 3 17.2471
2 12 31.0911
2 13 20.6992
2 18 30.4553
2 29 13.0248
2 32 5.56378
2 41 49.2182
2 42 41.3696
2 44 21.8249
2 49 34.2893
2 64 13.6956
2 71 34.2089
2 73 30.1554
2 77 11.0983
2 79 6.91192
2 93 3.62725
2 94 32.3604
2 98 21.3664
3 6 44.1518
3 21 20.5394
3 22 39.1641
3 25 43.2767
3 27 22.4553
3 33 4.97796
3 38 2.57541
3 39 22.8858
3 43 29.4818
3 51 30.4865
3 57 4.94187
3 59 24.0867
3 68 12.8734
3 74 30.6221
3 75 33.7303
3 85 27.7699
3 86 19.0107
3 99 26.648
4 10 1.64463
4 11 34.2861
4 12 30.9479
4 15 0.285457
4 20 17.0677
4 26 7.85696
4 31 19.7261
4 60 39.7745
4 69 28.9511
4 70 35.0455
4 74 24.4905
4 76 40.7176
4 80 20.6539
4 83 35.8798
4 90 3.71302
5 14 22.9019
5 26 23.898
5 33 18.6778
5 34 32.326
5 38 28.0436
5 41 17.1921
5 42 46.1846
5 47 22.3991
5 52 14.6445
5 60 43.284
5 64 14.1142
5 65 10.1488
5 67 6.33346
5 70 8.04122
5 71 23.0924
5 74 30.7113
5 75 19.6873
5 82 1.73582
5 88 26.1774
5 96 38.3351
6 5 29.5555
6 7 5.07271
6 8 12.2074
6 9 29.4559
6 10 44.4777
6 12 46.261
6 16 29.2293
6 27 46.5759
6 43 42.2561
6 52 25.7191
6 61 1.19316
6 62 24.3627
6 68 9.54918
6 71 4.22055
6 75 48.0783
6 77 23.7974
6 80 28.9306
6 84 39.3821
6 86 13.7448
6 89 37.3365
6 91 46.8857
6 93 49.0554
7 2 4.06325
7 4 32.9939
7 5 44.0342
7 14 1.91324
7 19 15.4123
7 21 32.4893
7 22 23.0975
7 23 39.0125
7 28 2.35913
7 30 46.3933
7 31 19.3998
7 44 40.398
7 57 37.7973
7 59 7.19708
7 60 38.8705
7 63 33.3354
7 65 44.4216
7 66 23.9889
7 68 14.3868
7 75 14.7301
7 85 29.5204
7 90 44.0004
7 91 8.94933
7 96 16.2856
7 99 40.2895
8 6 45.0774
8 18 37.4722
8 21 42.9433
8 22 14.6586
8 23 0.14139
8 29 2.23647
8 32 43.0633
8 42 41.8993
8 43 33.6824
8 52 13.4342
8 53 34.6685
8 62 4.71599
8 68 17.9623
8 74 21.3277
8 75 30.0203
8 77 43.4545
8 78 40.1302
8 86 1.02542
8 87 44.8942
8 89 20.9572
8 90 10.9927
8 93 23.0744
9 2 48.1276
9 8 45.0448
9 11 46.0702
9 13 41.0463
9 16 9.4124
9 21 36.0911
9 31 49.8021
9 34 13.2312
9 37 36.4851
9 39 34.9048
9 41 44.3172
9 42 31.9599
9 43 46.2689
9 48 41.4311
9 50 22.6341
9 58 9.38466
9 69 32.5033
9 79 16.2589
9 82 12.1764
9 83 6.90569
9 88 0.658073
9 89 37.2577
10 1 23.1721
10 28 47.5443
10 31 39.3598
10 36 35.265
10 39 40.9551
10 43 8.36205
10 49 1.58032
10 50 36.3638
10 60 4.50648
10 66 42.7324
10 73 0.00234388
10 74 15.3882
10 75 13.3542
10 76 32.3774
10 84 23.4092
10 90 6.38714
10 91 29.2499
10 92 4.12885
10 93 38.4537
10 97 28.2126
11 4 7.87773
11 13 18.9937
11 17 46.2659
11 19 3.38039
11 21 16.2048
11 22 12.8337
11 38 35.1785
11 40 2.19456
11 42 48.4605
11 44 1.84088
11 54 38.2462
11 58 6.67739
11 71 37.4471
11 74 40.3074
11 77 1.71534
11 80 26.9792
11 83 20.6866
11 93 21.2387
11 99 14.6104
12 8 46.3147
12 10 17.0013
12 13 10.6561
12 22 1.50326
12 33 6.19847
12 34 14.1959
12 35 1.0432
12 45 38.1339
12 47 41.0921
12 50 16.4654
12 53 49.6176
12 63 7.16121
12 64 36.3072
12 86 30.459
13 6 8.94759
13 7 42.2502
13 20 34.8871
13 23 0.587265
13 29 32.0594
13 30 32.8049
13 32 41.7525
13 39 24.1871
13 40 0.740345
13 42 13.462
13 45 46.5669
13 47 25.5693
13 55 19.0881
13 62 7.4941
13 69 10.7399
13 70 5.96894
13 71 45.1697
13 72 32.8761
13 76 43.1459
13 83 3.00778
13 95 45.9741
13 97 41.1438
14 4 39.2147
14 6 5.90632
14 12 8.2346
14 16 15.9095
14 22 29.7981
14 23 48.8399
14 25 22.3561
14 28 44.6361
14 35 13.1808
14 40 26.4877
14 53 1.8966
14 55 46.5327
14 56 32.0056
14 63 4.48045
14 65 6.01213
14 72 16.9866
14 81 40.7598
14 96 14.5594
14 99 34.3647
15 0 27.6962
15 2 20.0268
15 4 14.254
15 6 5.01382
15 10 31.8527
15 18 14.2682
15 19 12.7538
15 22 28.9588
15 25 43.1925
15 31 32.2753
15 37 12.8969
15 42 34.4288
15 43 16.0386
15 46 2.21809
15 53 0.875989
15 56 42.4846
15 69 46.9939
15 74 3.21708
15 79 28.3908
15 83 5.86353
15 84 38.5624
15 87 5.43038
15 93 39.9237
16 2 49.9071
16 4 28.2979
16 5 21.2947
16 9 0.946645
16 10 40.6094
16 11 8.51841
16 13 34.2447
16 14 44.7355
16 28 31.0847
16 30 2.37941
16 34 22.2918
16 39 39.1315
16 41 33.8671
16 43 12.2035
16 46 14.6995
16 47 29.7742
16 48 24.4367
16 50 5.52135
16 53 44.6659
16 57 20.0641
16 64 10.3024
16 71 46.024
16 73 20.4606
16 77 25.0353
16 79 9.04431
16 81 15.3451
16 84 2.59344
16 88 39.3865
16 93 44.1649
16 95 6.21181
16 99 2.42659
17 5 34.2399
17 6 49.0158
17 8 1.6092
17 18 0.949394
17 21 37.5169
17 24 37.2075
17 30 29.7444
17 32 28.7601
17 36 2.49665
17 43 18.0305
17 49 39.1707
17 63 14.4478
17 69 10.1394
17 72 27.8501
17 73 40.0354
17 74 8.95692
17 77 1.42502
17 78 19.3636
17 86 45.2673
17 87 24.5446
17 92 29.9388
17 96 27.9237
18 0 35.7117
18 2 40.8334
18 3 45.5131
18 9 33.5301
18 12 31.6867
18 13 27.8741
18 15 7.81283
18 16 35.97
18 23 25.8928
18 27 0.105652
18 34 49.3774
18 37 31.4735
18 48 11.8245
18 58 43.4237
18 61 35.3189
18 66 28.097
18 70 10.7517
18 71 36.6409
18 80 41.6048
18 84 11.1112
18 86 46.4301
18 90 29.5259
19 4 23.8943
19 6 15.4991
19 20 45.8859
19 25 31.4095
19 31 21.4876
19 40 36.1919
19 51 32.5378
19 55 27.1123
19 60 19.713
19 64 21.268
19 66 7.45993
19 68 21.8833
19 86 22.6452
19 87 1.63676
19 88 46.9561
19 89 26.9284
19 90 14.0094
19 94 7.93037
20 28 47.2804
20 33 15.9
20 38 23.1017
20 43 48.8467
20 52 47.6637
20 65 20.9751
20 70 3.69119
20 87 34.2155
20 92 3.72527
20 93 43.5925
20 95 17.4856
20 97 40.2255
21 0 37.2366
21 4 21.6615
21 13 49.7649
21 16 48.9084
21 25 20.9462
21 27 8.18284
21 34 33.6391
21 49 2.2727
21 52 6.56222
21 58 40.9498
21 75 47.4103
21 76 7.37036
21 78 13.5551
21 82 8.48051
21 84 49.4303
21 90 13.7168
21 91 41.4361
21 99 47.1729
22 1 30.1992
22 6 24.1213
22 11 11.2169
22 21 1.36419
22 24 23.9844
22 26 48.1259
22 30 5.70272
22 32 29.824
22 41 41.7075
22 45 19.0828
22 47 37.4418
22 50 34.5458
22 54 42.6888
22 58 8.29671
22 61 42.858
22 65 6.54897
22 69 18.2347
22 72 17.1732
22 75 17.7958
22 76 22.1799
22 80 43.3989
22 81 17.6253
22 88 17.7694
22 90 16.9213
22 91 7.55124
22 97 4.72717
23 0 37.9844
23 2 36.3278
23 3 46.1682
23 19 19.6974
23 24 46.0906
23 27 37.572
23 29 23.8998
23 31 14.5586
23 37 7.11125
23 39 21.3271
23 43 23.6254
23 56 19.25
23 60 1.79238
23 62 11.0585
23 63 16.5958
23 69 15.498
23 71 30.4868
23 73 41.5661
23 76 12.2139
23 81 44.076
23 82 8.47961
23 84 13.4279
23 85 4.45805
23 99 38.5387
24 0 11.2688
24 1 27.5861
24 16 16.7856
24 18 44.8712
24 22 48.7199
24 23 13.5401
24 26 24.8089
24 30 4.17899
24 31 25.3236
24 35 8.92149
24 36 32.7957
24 44 36.0294
24 52 10.019
24 72 4.33977
24 76 22.5028
24 80 39.8669
24 83 27.8453
24 85 38.9076
24 88 24.6752
24 90 49.0188
24 94 26.1224
25 0 49.3796
25 16 0.694055
25 18 11.0776
25 27 14.2942
25 28 8.67896
25 36 23.6902
25 39 23.9658
25 49 29.467
25 50 34.2587
25 64 26.7013
25 66 0.66703
25 72 2.68066
25 75 12.6215
25 85 42.8989
25 89 41.4877
25 90 30.111
25 92 29.5301
25 95 33.5383
25 97 16.6929
25 99 29.3144
26 9 5.08677
26 21 40.29
26 27 0.192914
26 31 31.442
26 36 29.2066
26 42 5.10242
26 49 36.1049
26 62 15.7861
26 67 37.8423
26 69 42.9447
26 77 15.1145
26 79 12.661
26 82 29.956
26 85 32.3056
26 91 26.1038
26 96 12.2826
27 5 44.3874
27 8 26.1608
27 14 1.28334
27 15 32.933
27 16 28.9027
27 17 42.9843
27 18 16.3641
27 21 38.2944
27 22 25.0589
27 24 6.78527
27 26 1.17266
27 29 4.21447
27 41 14.5052
27 58 26.5476
27 60 19.8937
27 65 18.0152
27 69 6.54211
27 76 34.6271
27 78 5.78758
27 83 4.66829
27 84 2.01713
27 92 18.7702
27 93 7.14744
27 97 11.8256
27 98 43.4459
28 1 22.7572
28 6 22.137
28 8 24.1542
28 9 2.19087
28 10 23.2177
28 13 30.7921
28 14 15.8603
28 17 26.0226
28 27 35.8754
28 29 10.2996
28 30 34.4783
28 43 13.2769
28 50 47.5357
28 55 26.5446
28 61 16.1035
28 64 9.17498
28 70 22.2175
28 72 39.3674
28 83 47.6154
28 84 4.37824
28 86 20.4817
28 91 6.79374
28 96 20.5325
29 2 19.4944
29 11 39.9958
29 18 6.66632
29 21 29.4423
29 31 48.8204
29 38 48.1063
29 48 24.9887
29 52 4.08914
29 60 48.5305
29 65 43.0417
29 66 38.7513
29 68 19.9349
29 71 10.3211
29 75 0.938716
29 80 4.96582
29 82 47.7184
29 84 34.7767
29 87 27.7433
29 91 12.4016
30 0 24.5785
30 10 26.8803
30 15 13.7676
30 19 12.0298
30 20 32.17
30 21 0.960866
30 26 15.9892
30 27 38.4007
30 32 48.9115
30 40 13.3624
30 47 47.581
30 65 33.746
30 79 36.4905
30 80 21.0721
30 92 44.8246
30 93 22.7246
30 96 13.4012
31 4 48.0922
31 6 19.1642
31 8 11.7694
31 20 5.99819
31 27 1.1458
31 30 41.107
31 33 10.2712
31 34 9.94726
31 41 12.4062
31 45 48.0798
31 46 14.4759
31 57 47.3947
31 58 14.1696
31 64 45.7261
31 65 12.6903
31 66 37.875
31 67 5.46724
31 69 8.80032
31 70 12.8663
31 73 1.30936
31 75 14.1008
31 77 17.9992
31 93 0.891774
31 96 5.44141
32 3 9.77391
32 8 48.3287
32 13 29.4402
32 14 42.1113
32 34 49.2193
32 56 26.241
32 63 38.6801
32 64 24.1192
32 77 8.35894
32 83 25.7985
32 89 35.8274
32 90 8.23822
32 91 37.3578
32 92 26.6674
32 96 27.0537
33 0 0.589406
33 8 10.4639
33 9 22.6837
33 17 37.7517
33 34 14.2973
33 38 34.0813
33 41 37.5187
33 62 37.1049
33 70 12.611
33 71 43.9209
33 79 44.5909
33 91 4.63285
33 94 16.4297
33 96 29.0408
33 98 13.4096
34 7 0.718864
34 11 25.8023
34 13 15.5395
34 28 22.776
34 31 6.77931
34 33 7.49818
34 38 18.2095
34 40 33.749
34 43 15.9888
34 44 27.7034
34 49 47.7352
34 52 9.90415
34 53 1.46814
34 60 48.5892
34 65 21.5452
34 71 22.4115
34 72 48.2006
34 74 35.3288
34 75 7.74587
34 77 9.21401
34 78 20.5683
34 82 31.0736
34 85 28.98
34 88 34.1371
35 6 24.7317
35 7 48.939
35 15 18.4149
35 18 48.5355
35 19 47.9387
35 24 12.598
35 25 40.4517
35 30 6.75033
35 32 32.3714
35 38 14.2607
35 50 27.9836
35 56 23.9493
35 58 36.098
35 62 16.6796
35 64 30.9403
35 65 34.4884
35 69 18.6832
35 77 34.9869
35 78 19.1383
35 90 29.8406
35 94 4.82477
35 97 29.7832
35 98 15.8066
36 3 18.0466
36 4 44.3443
36 32 11.6897
36 37 36.8191
36 40 44.39
36 51 31.1505
36 54 49.3469
36 56 42.9901
36 58 4.67982
36 60 16.0268
36 64 48.5614
36 66 22.7006
36 71 11.1669
36 73 18.7493
36 88 36.7762
36 94 30.8781
36 96 12.3108
36 99 4.16334
37 7 11.4826
37 14 22.4736
37 17 13.7538
37 23 27.9477
37 28 8.15287
37 31 44.5643
37 34 19.2158
37 36 4.91325
37 41 36.1612
37 45 15.9282
37 46 19.7253
37 49 39.4074
37 57 46.5718
37 64 37.5386
37 73 4.05836
37 76 11.5272
37 79 20.7779
37 90 39.5009
37 92 1.52525
38 1 30.7632
38 5 23.2395
38 6 45.443
38 12 5.09303
38 17 17.9163
38 19 6.65763
38 20 49.5223
38 24 42.8343
38 28 48.3201
38 30 43.7631
38 32 34.6503
38 36 22.7821
38 43 39.3562
38 45 38.8785
38 67 36.3605
38 74 19.6175
38 77 13.6964
38 85 11.0024
38 88 46.573
38 89 39.6345
38 91 47.0537
38 92 41.7602
39 5 18.6501
39 6 42.7274
39 11 34.6509
39 13 43.7036
39 27 44.4861
39 32 17.6758
39 37 44.5803
39 49 23.8015
39 50 31.8797
39 51 20.6767
39 52 5.0172
39 60 24.1352
39 68 36.4759
39 77 47.8514
39 80 27.4612
39 83 10.4669
39 85 10.8659
39 95 35.682
39 98 26.4779
39 99 1.05417
40 5 7.85931
40 6 47.3987
40 13 49.431
40 14 24.9942
40 20 28.358
40 21 13.4848
40 22 17.4169
40 27 12.3883
40 34 41.741
40 35 15.8576
40 37 24.5642
40 41 43.406
40 44 2.42199
40 47 7.44064
40 53 7.11032
40 63 0.17319
40 78 35.157
40 79 37.5019
40 83 35.7282
40 84 5.97969
40 87 0.611468
40 89 15.5462
40 90 45.1565
40 93 26.7411
40 94 25.7821
40 98 7.78436
40 99 40.8328
41 11 29.2557
41 13 44.8019
41 15 25.8197
41 17 2.56084
41 31 31.0426
41 51 17.8471
41 55 39.7166
41 69 46.4512
41 71 28.1937
41 80 16.7842
41 81 8.05097
41 82 21.6659
41 87 12.0127
41 91 4.65689
41 94 11.7406
41 97 6.45556
42 4 37.1454
42 18 26.8216
42 24 38.6434
42 26 20.3796
42 28 40.7407
42 30 27.8861
42 31 15.192
42 35 19.4054
42 38 32.5891
42 39 18.8146
42 47 20.0024
42 49 26.0683
42 66 25.9675
42 74 41.3033
42 81 48.1077
42 82 31.8943
42 83 40.6109
42 93 28.4656
42 98 20.1735
43 5 30.08
43 10 27.9182
43 11 48.9727
43 20 31.1572
43 21 46.4422
43 25 14.8301
43 37 40.7607
43 39 31.3206
43 42 47.1159
43 44 35.4221
43 45 39.6896
43 49 13.6819
43 59 8.66495
43 61 17.0424
43 63 22.9386
43 67 20.6492
43 68 39.3632
43 81 10.4691
44 6 10.3256
44 9 23.9663
44 10 29.7622
44 20 21.6665
44 21 46.5447
44 34 11.8166
44 35 31.493
44 43 48.824
44 45 41.5434
44 46 23.8654
44 48 15.9264
44 56 29.1551
44 58 36.6818
44 60 18.1748
44 73 23.8767
44 82 44.4363
44 95 23.9679
44 96 46.5631
44 97 38.5324
44 99 12.4091
45 7 33.6175
45 8 0.0628607
45 10 28.4309
45 11 48.2207
45 13 33.3184
45 15 0.846862
45 18 36.6987
45 23 23.0685
45 25 42.2188
45 28 19.303
45 30 19.3658
45 32 47.7967
45 33 6.98195
45 37 15.1428
45 48 39.0107
45 53 34.486
45 54 31.1672
45 58 24.6421
45 60 47.4127
45 63 9.25412
45 65 1.8916
45 70 37.8543
45 74 26.3826
45 75 9.70957
45 79 37.606
45 81 12.2482
45 82 15.0223
45 83 45.4165
45 86 4.68951
45 88 44.3496
46 4 36.8537
46 6 49.1019
46 9 40.6265
46 15 37.6776
46 16 34.1065
46 19 37.9675
46 35 21.8671
46 36 47.341
46 50 26.4158
46 53 43.0634
46 60 8.57198
46 68 17.9391
46 75 11.7826
46 78 12.7242
46 80 10.2723
46 89 4.97272
46 96 3.88326
47 5 47.6177
47 7 7.88999
47 15 35.8104
47 18 10.3798
47 19 26.0265
47 28 7.22062
47 29 6.94706
47 30 20.9411
47 31 12.7283
47 32 28.859
47 33 3.28423
47 39 32.8683
47 45 29.7685
47 46 49.0424
47 54 34.7859
47 60 20.2202
47 65 2.81962
47 69 28.2924
47 71 8.0609
47 73 49.5128
47 85 31.2169
47 95 1.66296
48 6 46.7894
48 12 0.111179
48 13 42.0404
48 19 15.5414
48 24 28.592
48 25 1.83481
48 32 49.4323
48 34 43.8262
48 36 43.9374
48 38 36.5975
48 39 25.2307
48 40 49.2243
48 46 2.22907
48 49 4.06388
48 58 38.1456
48 59 39.6453
48 61 29.2537
48 68 15.8802
48 70 5.40408
48 72 23.5199
48 74 40.3825
48 80 8.69774
48 84 40.8005
48 88 24.7303
49 0 35.9465
49 7 46.5592
49 25 30.8793
49 29 23.0662
49 42 18.9957
49 47 2.59242
49 59 14.6792
49 64 48.4837
49 65 30.393
49 70 29.9765
49 77 4.95915
49 78 0.89099
49 94 29.9673
49 95 33.7436
50 3 17.8472
50 9 6.69577
50 10 0.971685
50 11 11.911
50 22 4.13612
50 35 2.1288
50 36 11.454
50 37 8.01691
50 44 18.396
50 53 31.7923
50 55 6.08528
50 61 25.5837
50 67 29.9713
50 68 1.79657
50 70 20.1926
50 75 37.0367
50 76 6.4714
50 78 11.2143
50 83 13.5285
50 88 26.2339
50 91 22.6575
50 97 6.8125
51 9 16.7303
51 14 48.6199
51 18 44.4739
51 20 26.0451
51 25 47.1697
51 33 12.3108
51 41 15.6464
51 46 23.3042
51 53 24.0807
51 54 4.73938
51 59 41.0144
51 62 39.5462
51 65 22.573
51 69 42.6907
51 70 5.31956
51 78 27.3507
51 85 17.9892
51 86 15.9149
51 87 27.3751
51 96 22.9756
51 98 47.6741
51 99 26.8822
52 4 16.5968
52 5 21.9725
52 9 37.5939
52 18 13.609
52 20 36.5847
52 22 34.2588
52 31 2.93786
52 40 20.0915
52 41 3.87836
52 47 14.3454
52 50 17.1635
52 62 8.65619
52 65 27.3682
52 70 41.22
52 71 31.8375
52 77 8.95461
52 82 2.10716
52 89 4.96111
52 97 38.3753
53 2 49.6953
53 3 14.7614
53 6 4.22357
53 8 2.14694
53 12 33.3772
53 14 26.1136
53 15 48.4511
53 19 14.8568
53 21 28.8725
53 23 34.6794
53 25 49.4408
53 26 47.0901
53 27 8.77822
53 32 27.3392
53 40 10.7989
53 42 25.6557
53 45 45.7135
53 57 37.3161
53 59 14.6552
53 64 10.4977
53 66 21.2966
53 72 10.1859
53 82 26.8857
53 83 38.0157
53 86 26.3262
53 94 49.6964
54 1 6.50358
54 6 14.6077
54 16 21.6049
54 19 24.4792
54 21 34.4914
54 26 48.1649
54 27 47.8114
54 29 22.2103
54 35 28.8902
54 42 14.0843
54 45 6.68293
54 49 14.4139
54 50 6.8682
54 74 30.3245
54 82 20.813
54 87 8.33071
54 92 34.3699
54 96 27.5544
55 1 19.1497
55 4 12.9963
55 5 47.7388
55 15 9.09293
55 16 10.0853
55 19 9.66354
55 38 46.3198
55 39 30.0863
55 40 5.5702
55 45 17.0847
55 54 12.9918
55 56 2.30595
55 63 19.9398
55 65 0.0261221
55 79 26.5253
55 83 18.6212
55 95 36.0223
56 3 3.10366
56 5 12.2488
56 12 23.8656
56 20 34.4512
56 26 4.34782
56 29 24.3785
56 30 11.2811
56 33 15.1914
56 35 12.3768
56 39 42.3398
56 44 1.04964
56 49 39.9933
56 54 34.6163
56 60 2.87969
56 68 34.095
56 79 16.7453
56 85 4.24717
56 86 12.5674
56 87 5.07377
56 98 17.7643
57 22 27.3078
57 23 25.6611
57 24 22.7918
57 30 44.3408
57 34 18.7496
57 37 19.1445
57 40 11.2427
57 47 48.8258
57 55 48.9174
57 56 19.8451
57 75 44.8966
57 78 42.3201
57 79 48.6107
57 82 33.1281
57 97 11.1805
58 3 34.3586
58 15 20.0636
58 18 6.66876
58 29 21.7604
58 38 12.113
58 41 38.0357
58 42 45.8536
58 43 8.66037
58 44 46.2929
58 50 26.0093
58 69 13.4145
58 71 22.0748
58 73 49.284
58 81 46.1593
58 83 8.36389
58 87 30.74
58 90 42.602
58 99 33.6988
59 4 46.1528
59 6 42.3121
59 9 31.4095
59 13 30.0572
59 18 15.331
59 25 40.2351
59 32 21.3955
59 39 49.675
59 40 33.4502
59 43 17.6676
59 47 19.2128
59 48 20.4066
59 52 20.6711
59 53 37.2363
59 56 48.7364
59 62 23.1759
59 64 6.62612
59 68 17.7674
59 75 43.277
59 76 15.1224
59 79 26.4743
59 83 41.6937
60 1 38.2521
60 4 29.8021
60 6 6.27641
60 7 16.7236
60 9 8.4173
60 12 37.7967
60 14 9.16549
60 28 18.6112
60 38 19.1565
60 39 38.8942
60 41 48.0597
60 45 48.2678
60 55 24.0123
60 72 47.882
60 81 19.8813
60 82 40.0522
60 85 45.7476
61 3 20.76
61 6 10.986
61 17 26.2924
61 23 16.9694
61 26 6.62878
61 28 15.3531
61 31 0.707549
61 32 0.0730394
61 37 25.1474
61 51 34.0632
61 55 21.283
61 62 5.80562
61 67 48.1158
61 77 25.7576
61 85 42.0892
61 88 12.4237
61 89 4.91549
62 1 9.08568
62 3 34.8432
62 5 4.45049
62 6 28.5206
62 11 33.6086
62 19 9.75277
62 23 0.617955
62 24 6.53954
62 25 0.0111606
62 36 48.1995
62 40 24.1053
62 42 39.3488
62 44 19.7651
62 59 0.244535
62 63 15.4671
62 64 46.2508
62 66 20.3561
62 68 9.70487
62 73 4.93609
62 75 36.9417
62 83 6.03346
62 89 41.1926
62 91 11.5487
62 97 38.3066
62 99 13.7333
63 11 37.5819
63 13 22.7654
63 18 22.3534
63 19 25.3327
63 26 25.0204
63 30 48.0756
63 35 23.7778
63 39 12.7256
63 42 21.7252
63 44 47.0579
63 48 24.3392
63 49 11.8668
63 57 42.9388
63 66 9.47829
63 70 16.1083
63 73 1.37558
63 76 48.3008
63 82 40.7045
63 88 31.4833
63 89 42.0689
63 93 43.5086
63 97 27.1487
64 10 13.1841
64 18 39.3106
64 24 27.7042
64 25 27.7348
64 28 12.9731
64 32 2.20425
64 35 12.6303
64 36 41.9032
64 43 29.0708
64 47 40.5336
64 62 4.20684
64 67 6.54195
64 68 47.1414
64 70 26.2122
64 71 43.8996
64 75 30.6382
64 76 1.98322
64 80 25.2008
64 81 48.8164
64 86 15.4528
64 93 5.28862
65 13 42.6284
65 22 41.5165
65 27 24.3263
65 58 0.329569
65 67 7.43555
65 72 6.48465
65 73 43.1268
65 78 21.127
65 79 5.66241
65 87 34.9975
65 88 44.8646
65 95 2.43707
65 97 4.68897
66 15 0.199465
66 22 38.8815
66 52 17.4001
66 60 6.4446
66 74 29.0575
66 76 13.8041
66 77 29.925
66 79 47.3251
66 81 12.2998
66 84 47.167
66 86 7.80386
66 92 28.0793
67 1 5.89163
67 12 6.92798
67 20 7.04576
67 24 39.5549
67 26 39.1932
67 28 18.7566
67 35 24.3565
67 37 31.2845
67 41 25.9972
67 42 31.5515
67 45 19.9723
67 47 9.52718
67 49 48.7204
67 53 31.9636
67 61 25.6064
67 64 1.36455
67 66 32.9161
67 71 49.8433
67 78 34.5336
67 83 45.6105
67 85 19.2287
67 94 14.0655
67 95 36.1867
67 97 25.357
68 1 13.3353
68 12 16.3863
68 18 8.46858
68 21 29.4072
68 23 4.76424
68 25 24.1923
68 30 10.233
68 35 48.6402
68 40 20.2769
68 47 26.7142
68 49 11.5215
68 50 33.5151
68 51 25.8358
68 57 21.2165
68 69 14.316
68 72 48.9565
68 75 29.5388
68 76 41.7944
68 88 17.5131
68 91 25.7481
68 92 24.0759
69 5 10.9745
69 9 22.9457
69 10 45.6152
69 13 11.0734
69 21 8.45227
69 22 31.9899
69 25 1.59235
69 44 36.6676
69 49 23.9983
69 59 9.88044
69 68 35.3261
69 71 39.6006
69 72 30.7512
69 81 45.3266
69 87 27.1009
69 88 32.921
70 1 43.3698
70 6 10.2199
70 20 35.0311
70 24 31.123
70 27 35.1961
70 31 1.911
70 42 45.9286
70 43 46.9059
70 45 31.937
70 47 46.0048
70 64 16.6461
70 68 27.8844
70 76 25.8057
70 79 11.4961
70 84 1.46387
70 85 23.1666
70 87 17.7234
70 89 34.3694
70 99 17.4123
71 10 20.3968
71 11 29.0864
71 13 46.8098
71 18 2.89307
71 22 0.079254
71 24 17.4915
71 33 37.8775
71 42 25.2594
71 44 28.1525
71 53 17.1855
71 64 7.82163
71 65 46.0558
71 66 32.8586
71 67 27.1612
71 70 47.9308
71 78 16.1008
71 80 47.415
71 84 16.9391
71 98 38.3965
72 0 15.9348
72 4 33.1891
72 5 3.3027
72 9 20.9874
72 10 29.9265
72 14 15.7127
72 21 32.3053
72 27 6.33594
72 36 18.5429
72 40 43.1157
72 51 15.0237
72 57 32.5386
72 66 33.7243
72 68 49.3904
72 77 3.42356
72 81 32.3612
72 87 30.9252
72 90 9.98177
72 94 12.5891
73 0 10.8354
73 2 14.2589
73 7 11.2978
73 13 13.2951
73 15 23.2769
73 19 31.6484
73 23 26.7783
73 31 47.1649
73 32 16.4657
73 41 46.9227
73 42 27.3621
73 45 23.9851
73 46 25.8187
73 51 25.6577
73 66 35.5248
73 70 28.8385
73 76 22.5683
73 81 21.8378
73 86 23.3027
73 94 35.6662
73 95 12.9297
74 11 2.29415
74 15 2.15416
74 32 25.2624
74 36 16.1551
74 38 18.4493
74 49 29.3228
74 50 35.682
74 52 0.153804
74 59 49.35
74 61 15.5051
74 65 32.406
74 68 43.6626
74 69 44.3783
74 72 2.64477
74 77 36.2514
74 83 3.82463
74 85 10.0971
74 91 22.5601
74 93 16.2226
74 95 39.5446
74 97 42.1893
75 19 24.2228
75 24 5.93485
75 26 16.7657
75 30 46.7235
75 36 17.9852
75 39 36.8657
75 46 4.64709
75 57 27.3171
75 60 25.6199
75 62 43.6051
75 64 47.0003
75 71 2.23505
75 85 30.4194
75 87 6.03931
76 9 1.66753
76 11 17.4332
76 24 12.7486
76 27 18.1627
76 30 45.5573
76 39 15.0953
76 41 0.394625
76 44 0.531267
76 45 19.9305
76 52 5.58292
76 60 26.3288
76 64 8.80384
76 66 9.19847
76 69 48.8633
76 74 34.1516
76 80 14.4213
76 83 17.6318
76 88 8.86724
76 92 26.5791
77 5 12.4129
77 11 21.4331
77 13 17.2932
77 15 15.043
77 17 15.4819
77 23 42.6413
77 29 34.3388
77 32 34.1371
77 39 9.69371
77 40 22.2833
77 42 37.7653
77 44 29.1283
77 52 0.470115
77 53 37.3614
77 61 23.9916
77 67 21.4646
77 75 47.9001
77 79 49.0579
77 80 38.2842
77 85 37.3092
77 89 20.1093
77 92 2.92072
78 0 43.2292
78 2 42.7589
78 14 10.1484
78 17 40.2303
78 19 32.7027
78 22 21.3683
78 24 23.665
78 31 31.7226
78 40 18.5528
78 42 8.78315
78 56 41.7284
78 60 5.87911
78 64 41.8527
78 68 18.4688
78 75 0.250367
78 76 2.77784
78 79 48.4858
78 80 13.8636
78 93 37.5768
78 96 3.80816
78 97 17.4399
79 5 24.376
79 12 26.1405
79 13 43.8754
79 14 47.8298
79 18 22.6857
79 25 5.94118
79 26 1.9588
79 29 6.20742
79 38 31.6329
79 40 2.67955
79 41 3.61961
79 46 39.9754
79 47 18.449
79 53 1.48835
79 54 23.3797
79 57 33.1719
79 73 22.1658
79 95 8.94038
80 0 7.53886
80 2 29.7046
80 4 17.3321
80 7 24.7187
80 11 3.39374
80 13 39.4643
80 16 12.7102
80 21 16.5443
80 23 24.0831
80 26 24.1678
80 29 10.7618
80 32 14.047
80 34 17.4407
80 37 16.2249
80 41 23.7048
80 42 19.4752
80 48 49.8918
80 56 27.835
80 57 27.2819
80 61 27.8862
80 63 41.3623
80 81 19.7507
80 83 47.5858
80 88 40.5248
80 94 28.6274
80 95 31.5876
80 99 0.507369
81 3 23.5775
81 5 43.3282
81 10 26.2513
81 12 16.7761
81 13 36.2984
81 14 18.1712
81 25 48.4065
81 27 21.984
81 33 26.5807
81 36 41.5538
81 40 31.7755
81 41 18.8165
81 46 34.1392
81 56 7.39962
81 58 33.9803
81 64 5.2441
81 70 27.3537
81 72 11.4929
81 82 30.8823
81 84 38.4678
81 99 43.8427
82 12 31.1908
82 24 8.47809
82 28 39.6067
82 31 6.49443
82 43 30.2881
82 64 7.37794
82 66 27.9245
82 73 26.849
82 77 49.4487
82 85 11.4096
82 88 45.8563
82 91 42.8318
82 97 26.8842
82 99 3.73319
83 8 45.3069
83 11 11.5836
83 13 7.43988
83 20 27.8504
83 22 4.7346
83 24 8.46779
83 25 45.1462
83 26 35.2041
83 29 45.7181
83 34 36.998
83 40 18.3024
83 41 46.9448
83 49 13.5836
83 51 48.7877
83 54 8.20985
83 58 0.553286
83 69 36.3848
83 70 35.3792
83 76 36.5223
83 85 34.1316
83 98 31.4565
84 6 42.842
84 7 17.7575
84 16 43.9464
84 23 3.44538
84 32 46.6365
84 36 2.72041
84 37 47.9036
84 40 12.7924
84 42 24.8553
84 45 0.326267
84 46 5.72771
84 47 48.1026
84 55 18.3138
84 69 48.7568
84 70 3.98682
84 72 9.71453
84 73 3.83444
84 74 29.8489
84 78 47.6946
84 83 34.639
84 87 30.546
84 90 41.184
85 3 5.21282
85 6 15.3694
85 9 36.228
85 13 2.14168
85 14 39.9781
85 17 25.0995
85 22 19.6042
85 28 31.9719
85 30 47.3413
85 33 17.8561
85 39 15.7106
85 41 23.3083
85 45 11.6859
85 60 14.0656
85 64 5.95175
85 71 45.2085
85 81 11.7014
85 82 41.4702
85 83 49.3921
85 84 9.9288
85 96 0.587569
85 98 19.3245
86 6 40.9687
86 7 12.6532
86 9 12.0452
86 14 2.19197
86 15 0.352684
86 19 25.3799
86 23 6.61608
86 30 3.69518
86 37 6.58364
86 39 8.77562
86 41 5.0697
86 56 43.18
86 61 43.2963
86 63 49.8799
86 66 26.3016
86 77 25.8564
86 83 19.641
86 96 25.1013
86 99 10.5917
87 10 8.26956
87 23 49.048
87 29 11.3871
87 31 48.264
87 32 25.4852
87 38 10.0975
87 39 16.7209
87 43 11.3099
87 52 11.0815
87 64 31.4522
87 69 37.296
87 76 6.02407
87 90 6.99784
87 91 10.6086
88 5 44.3697
88 8 30.7133
88 16 16.5454
88 21 49.3631
88 22 19.0851
88 32 7.37919
88 48 1.07171
88 60 38.0316
88 61 3.21829
88 66 43.6464
88 79 7.6534
88 85 38.3396
88 97 31.5587
88 98 45.2113
88 99 24.6086
89 1 45.5277
89 7 41.4084
89 11 32.5156
89 13 27.536
89 20 44.8526
89 24 40.1668
89 26 35.6944
89 42 39.9575
89 44 30.2441
89 45 11.6357
89 47 27.1938
89 49 17.3606
89 52 15.7132
89 58 43.9617
89 68 25.704
89 82 1.67237
89 86 14.6053
89 97 42.8871
90 5 26.6542
90 14 28.8071
90 17 30.1733
90 19 49.5728
90 25 34.3022
90 45 44.2466
90 47 43.8194
90 48 26.5239
90 53 29.7498
90 57 46.5455
90 60 4.12085
90 65 30.6372
90 68 47.6937
90 71 4.28821
90 83 42.7409
90 86 49.6365
90 87 24.2642
90 97 23.6716
90 99 22.8934
91 9 45.0515
91 10 3.29222
91 12 2.92872
91 17 17.1194
91 18 1.02048
91 21 18.5311
91 25 48.6858
91 39 37.1082
91 40 44.7798
91 41 15.1759
91 45 8.25326
91 53 36.5156
91 55 22.5925
91 59 29.3828
91 62 13.6659
91 63 10.9922
91 64 11.4851
91 72 25.699
91 78 3.39578
91 86 43.4765
91 93 2.72371
91 99 28.8746
92 1 47.9821
92 9 19.1815
92 28 34.2041
92 32 16.8067
92 35 16.3182
92 38 23.2849
92 39 3.34746
92 60 1.89929
92 62 18.2174
92 72 6.65627
92 74 4.54479
92 81 46.3395
92 88 0.365053
92 96 47.0807
92 98 3.04131
92 99 16.4876
93 0 10.612
93 6 15.1054
93 9 10.7745
93 16 28.9884
93 35 14.5985
93 37 25.373
93 39 16.6918
93 41 6.77239
93 48 22.1645
93 55 45.3082
93 60 42.3758
93 71 11.4174
93 78 32.2533
93 80 14.4773
93 90 37.6442
93 99 24.7152
94 0 44.3437
94 3 17.18
94 8 30.4594
94 13 2.95722
94 16 31.3347
94 19 12.5246
94 36 16.5971
94 37 19.5762
94 42 26.3545
94 45 18.837
94 55 48.189
94 66 45.8199
94 71 17.2333
94 74 39.9466
94 75 23.9908
94 82 41.5406
94 98 15.3042
95 6 24.5282
95 7 14.976
95 9 24.7359
95 16 11.2669
95 18 38.9106
95 19 45.6544
95 20 26.5662
95 21 17.9799
95 24 9.19367
95 31 16.7217
95 34 7.67767
95 40 47.6164
95 43 35.7028
95 51 1.76935
95 57 49.6253
95 60 5.13912
95 66 31.3951
95 67 46.6027
95 71 30.7405
95 72 2.84949
95 75 45.3703
95 88 47.4663
95 91 0.958237
95 99 46.9187
96 1 21.7204
96 2 46.5043
96 3 35.1648
96 8 25.4001
96 9 26.1157
96 14 10.5903
96 16 44.1293
96 20 30.6635
96 22 24.3373
96 28 12.0507
96 45 30.1529
96 46 14.4365
96 53 39.5775
96 56 5.00208
96 64 49.0826
96 77 6.38342
96 79 16.1399
96 86 22.1164
96 99 13.2879
97 5 3.97399
97 10 5.77778
97 11 4.17246
97 12 16.4212
97 15 17.6878
97 17 8.1694
97 22 42.071
97 29 30.5156
97 32 35.6055
97 34 43.5431
97 36 9.96425
97 37 35.0469
97 40 16.1325
97 43 18.3286
97 45 10.3996
97 51 32.946
97 53 0.691571
97 59 7.10234
97 61 42.1492
97 62 29.0193
97 65 43.8934
97 71 16.5814
97 83 7.67971
97 86 3.0201
97 87 8.48824
97 89 32.6139
97 92 18.8161
97 95 31.8582
97 96 30.5722
98 2 47.9109
98 3 15.4277
98 15 22.0164
98 17 31.5307
98 22 31.6716
98 32 13.3315
98 35 3.14552
98 37 2.60288
98 38 31.7021
98 39 31.7027
98 40 9.71091
98 53 35.7838
98 54 45.2837
98 57 34.1041
98 60 25.2631
98 63 20.024
98 65 29.7349
98 66 48.4455
98 77 30.4372
98 79 25.1716
98 81 9.27566
98 89 23.5152
98 90 33.5116
98 92 0.82651
98 99 41.3077
99 3 5.54573
99 4 32.2622
99 10 0.808814
99 15 1.71997
99 16 38.9805
99 17 3.43401
99 21 23.7509
99 23 0.404258
99 24 48.7555
99 25 7.44584
99 28 10.8159
99 34 19.436
99 45 40.843
99 57 15.3535
99 58 42.8207
99 59 22.8391
99 60 21.2858
99 64 6.72519
99 78 26.7935
99 79 38.3792
99 81 3.73266
99 84 44.2338
99 93 22.7148
