250 3.4885033333333335
500 11.2035
750 20.670066666666667
1000 32.70726666666667
1250 49.24856666666667
1500 71.04526666666666
1750 95.79950000000001
2000 120.01633333333332
2500 192.37199999999999
3000 267.5323333333333
3500 362.98766666666666
4000 470.8433333333333
4500 609.8249999999999
5000 726.6483333333334
6000 1037.1000000000001
7000 1413.64
8000 1886.2166666666665
9000 2377.3733333333334
10000 2880.7933333333335
12500 4498.1466666666665
15000 6485.346666666667
17500 8905.79
20000 11625.933333333334
22500 14756.333333333334
25000 18657.8
