250 2.0311266666666667
500 8.090883333333332
750 16.7169
1000 19.6628
1250 30.613033333333334
1500 48.66906666666667
1750 82.32093333333333
2000 88.40516666666667
2500 100.698
3000 145.07399999999998
3500 193.8033333333333
4000 252.80066666666667
4500 316.0423333333333
5000 384.3473333333333
6000 552.246
7000 745.409
8000 963.4246666666667
9000 1216.8633333333335
10000 1502.38
12500 2325.0266666666666
15000 3346.3833333333337
17500 4576.653333333333
20000 6010.113333333334
22500 7631.283333333333
25000 9535.693333333335
