250 6.968723333333333
500 19.05633333333333
750 33.871066666666664
1000 68.56643333333334
1250 130.06566666666666
1500 134.227
1750 179.1676666666667
2000 227.12266666666665
2500 355.60999999999996
3000 508.12166666666667
3500 695.8313333333334
4000 901.2216666666667
4500 1144.2233333333334
5000 1403.6733333333334
6000 2018.7866666666669
7000 2730.8600000000006
8000 3592.383333333333
9000 4539.25
10000 5609.4766666666665
12500 8757.936666666666
15000 13032.533333333333
17500 17630.433333333334
20000 22735.399999999998
22500 28819.833333333332
25000 36536.13333333333
